image: dispenser.pgm
resolution: 0.19047619
origin: [-2.0, -10.0, 0.000000]
negate: 0
occupied_thresh: 0.65
free_thresh: 0.196

